Time [s] | x [m] | y [m] | z [m] | Loss of Sand, Silt, Clay in [m³] | fluid in % |  a [m] |  b [m] | 
---------------------------------------------------------------------------------------------------- 
Material loss due to stripping 
---------------------------------------------------------------------------------------------------- 
  0.2000 |  0.00 |  0.00 | 10.22 |      0.00 |      0.98 |     0.98 |     0.6651 |  12.15 |  12.15 | 
  0.4000 |  0.01 |  0.00 | 10.54 |      0.00 |      1.50 |     1.50 |     0.6727 |  12.24 |  12.24 | 
  0.6000 |  0.02 |  0.00 | 10.95 |      0.00 |      1.98 |     1.98 |     0.6822 |  12.35 |  12.35 | 
  0.8000 |  0.03 |  0.00 | 11.44 |      0.00 |      2.40 |     2.40 |     0.6930 |  12.49 |  12.49 | 
  1.0000 |  0.06 |  0.00 | 12.00 |      0.00 |      2.74 |     2.74 |     0.7046 |  12.64 |  12.64 | 
  1.2000 |  0.08 |  0.00 | 12.59 |      0.00 |      3.02 |     3.02 |     0.7164 |  12.80 |  12.80 | 
  1.4000 |  0.12 |  0.00 | 13.22 |      0.00 |      3.25 |     3.25 |     0.7281 |  12.98 |  12.98 | 
  1.6000 |  0.16 |  0.00 | 13.86 |      0.00 |      3.43 |     3.43 |     0.7396 |  13.15 |  13.15 | 
  1.8000 |  0.21 |  0.00 | 14.52 |      0.00 |      3.57 |     3.57 |     0.7506 |  13.33 |  13.33 | 
  2.0000 |  0.26 |  0.00 | 15.18 |      0.00 |      3.69 |     3.69 |     0.7610 |  13.51 |  13.51 | 
  2.2000 |  0.31 |  0.00 | 15.84 |      0.00 |      3.79 |     3.79 |     0.7710 |  13.69 |  13.69 | 
  2.4000 |  0.37 |  0.00 | 16.49 |      0.00 |      3.87 |     3.87 |     0.7804 |  13.87 |  13.87 | 
  2.6000 |  0.44 |  0.00 | 17.14 |      0.00 |      3.94 |     3.94 |     0.7892 |  14.04 |  14.04 | 
  2.8000 |  0.50 |  0.00 | 17.79 |      0.00 |      4.00 |     4.00 |     0.7975 |  14.22 |  14.22 | 
  3.0000 |  0.57 |  0.00 | 18.43 |      0.00 |      4.05 |     4.05 |     0.8054 |  14.39 |  14.39 | 
  3.2000 |  0.64 |  0.00 | 19.06 |      0.00 |      4.10 |     4.10 |     0.8127 |  14.57 |  14.57 | 
  3.4000 |  0.72 |  0.00 | 19.68 |      0.00 |      4.14 |     4.14 |     0.8197 |  14.73 |  14.73 | 
  3.6000 |  0.80 |  0.00 | 20.29 |      0.00 |      4.18 |     4.18 |     0.8262 |  14.90 |  14.90 | 
  3.8000 |  0.88 |  0.00 | 20.90 |      0.00 |      4.22 |     4.22 |     0.8324 |  15.07 |  15.07 | 
  4.0000 |  0.96 |  0.00 | 21.50 |      0.00 |      4.25 |     4.25 |     0.8383 |  15.23 |  15.23 | 
  4.2000 |  1.04 |  0.00 | 22.09 |      0.00 |      4.29 |     4.29 |     0.8438 |  15.39 |  15.39 | 
  4.4000 |  1.12 |  0.00 | 22.67 |      0.00 |      4.32 |     4.32 |     0.8490 |  15.55 |  15.55 | 
  4.6000 |  1.21 |  0.00 | 23.24 |      0.00 |      4.35 |     4.35 |     0.8540 |  15.70 |  15.70 | 
  4.8000 |  1.29 |  0.00 | 23.81 |      0.00 |      4.38 |     4.38 |     0.8587 |  15.86 |  15.86 | 
  5.0000 |  1.38 |  0.00 | 24.37 |      0.00 |      4.40 |     4.40 |     0.8631 |  16.01 |  16.01 | 
  5.2000 |  1.47 |  0.00 | 24.92 |      0.00 |      4.43 |     4.43 |     0.8674 |  16.16 |  16.16 | 
  5.4000 |  1.56 |  0.00 | 25.46 |      0.00 |      4.45 |     4.45 |     0.8714 |  16.31 |  16.31 | 
  5.6000 |  1.65 |  0.00 | 26.00 |      0.00 |      4.48 |     4.48 |     0.8753 |  16.45 |  16.45 | 
  5.8000 |  1.74 |  0.00 | 26.53 |      0.00 |      4.50 |     4.50 |     0.8789 |  16.60 |  16.60 | 
  6.0000 |  1.83 |  0.00 | 27.06 |      0.00 |      4.52 |     4.52 |     0.8824 |  16.74 |  16.74 | 
  6.2000 |  1.92 |  0.00 | 27.58 |      0.00 |      4.54 |     4.54 |     0.8858 |  16.88 |  16.88 | 
  6.4000 |  2.01 |  0.00 | 28.09 |      0.00 |      4.56 |     4.56 |     0.8890 |  17.02 |  17.02 | 
  6.6000 |  2.11 |  0.00 | 28.59 |      0.00 |      4.58 |     4.58 |     0.8920 |  17.16 |  17.16 | 
  6.8000 |  2.20 |  0.00 | 29.09 |      0.00 |      4.60 |     4.60 |     0.8949 |  17.29 |  17.29 | 
---------------------------------------------------------------------------------------------------- 
Material loss due to settling 
---------------------------------------------------------------------------------------------------- 
  7.0000 |  2.28 |  0.00 | 33.62 |      0.00 |      1.32 |     1.32 |     0.9086 |  17.00 |  17.59 | 
  7.2000 |  2.38 |  0.00 | 33.80 |      0.00 |      0.00 |     0.00 |     0.9107 |  16.53 |  18.04 | 
  7.4000 |  2.48 |  0.00 | 33.98 |      0.00 |      0.00 |     0.00 |     0.9128 |  16.06 |  18.52 | 
  7.6000 |  2.58 |  0.00 | 34.15 |      0.00 |      0.00 |     0.00 |     0.9149 |  15.60 |  19.02 | 
  7.8000 |  2.68 |  0.00 | 34.32 |      0.00 |      0.00 |     0.00 |     0.9169 |  15.14 |  19.54 | 
  8.0000 |  2.78 |  0.00 | 34.49 |      0.00 |      0.00 |     0.00 |     0.9190 |  14.70 |  20.09 | 
  8.2000 |  2.88 |  0.00 | 34.65 |      0.00 |      0.00 |     0.00 |     0.9210 |  14.26 |  20.65 | 
  8.4000 |  2.98 |  0.00 | 34.81 |      0.00 |      0.00 |     0.00 |     0.9229 |  13.83 |  21.22 | 
  8.6000 |  3.08 |  0.00 | 34.97 |      0.00 |      0.00 |     0.00 |     0.9248 |  13.42 |  21.82 | 
  8.8000 |  3.18 |  0.00 | 35.12 |      0.00 |      0.00 |     0.00 |     0.9267 |  13.02 |  22.43 | 
  9.0000 |  3.28 |  0.00 | 35.26 |      0.00 |      0.00 |     0.00 |     0.9285 |  12.64 |  23.05 | 
  9.2000 |  3.38 |  0.00 | 35.40 |      0.00 |      0.00 |     0.00 |     0.9302 |  12.27 |  23.69 | 
  9.4000 |  3.48 |  0.00 | 35.53 |      0.00 |      0.00 |     0.00 |     0.9319 |  11.91 |  24.33 | 
  9.6000 |  3.58 |  0.00 | 35.66 |      0.00 |      0.00 |     0.00 |     0.9335 |  11.57 |  24.99 | 
  9.8000 |  3.68 |  0.00 | 35.78 |      0.00 |      0.00 |     0.00 |     0.9351 |  11.25 |  25.65 | 
 10.0000 |  3.78 |  0.00 | 35.90 |      0.00 |      0.00 |     0.00 |     0.9366 |  10.93 |  26.32 | 
 10.2000 |  3.88 |  0.00 | 36.01 |      0.00 |      0.00 |     0.00 |     0.9380 |  10.64 |  26.99 | 
 10.4000 |  3.98 |  0.00 | 36.12 |      0.00 |      0.00 |     0.00 |     0.9394 |  10.35 |  27.67 | 
 10.6000 |  4.08 |  0.00 | 36.22 |      0.00 |      0.00 |     0.00 |     0.9407 |  10.08 |  28.35 | 
 10.8000 |  4.18 |  0.00 | 36.32 |      0.00 |      0.00 |     0.00 |     0.9420 |   9.82 |  29.03 | 
 11.0000 |  4.28 |  0.00 | 36.41 |      0.00 |      0.00 |     0.00 |     0.9432 |   9.58 |  29.71 | 
 11.2000 |  4.38 |  0.00 | 36.50 |      0.00 |      0.00 |     0.00 |     0.9444 |   9.34 |  30.38 | 
 11.4000 |  4.48 |  0.00 | 36.58 |      0.00 |      0.00 |     0.00 |     0.9455 |   9.12 |  31.06 | 
 11.6000 |  4.58 |  0.00 | 36.66 |      0.00 |      0.00 |     0.00 |     0.9465 |   8.91 |  31.74 | 
 11.8000 |  4.68 |  0.00 | 36.73 |      0.00 |      0.00 |     0.00 |     0.9475 |   8.71 |  32.41 | 
 12.0000 |  4.78 |  0.00 | 36.81 |      0.00 |      0.00 |     0.00 |     0.9485 |   8.52 |  33.08 | 
 12.2000 |  4.88 |  0.00 | 36.88 |      0.00 |      0.00 |     0.00 |     0.9494 |   8.33 |  33.75 | 
 12.4000 |  4.98 |  0.00 | 36.94 |      0.00 |      0.00 |     0.00 |     0.9503 |   8.16 |  34.41 | 
 12.6000 |  5.08 |  0.00 | 37.00 |      0.00 |      0.00 |     0.00 |     0.9512 |   7.99 |  35.07 | 
 12.8000 |  5.18 |  0.00 | 37.06 |      0.00 |      0.00 |     0.00 |     0.9520 |   7.83 |  35.73 | 
 13.0000 |  5.28 |  0.00 | 37.12 |      0.00 |      0.00 |     0.00 |     0.9527 |   7.68 |  36.38 | 
 13.2000 |  5.38 |  0.00 | 37.18 |      0.00 |      0.00 |     0.00 |     0.9535 |   7.53 |  37.03 | 
 13.4000 |  5.48 |  0.00 | 37.23 |      0.00 |      0.00 |     0.00 |     0.9542 |   7.39 |  37.67 | 
 13.6000 |  5.58 |  0.00 | 37.28 |      0.00 |      0.00 |     0.00 |     0.9549 |   7.26 |  38.30 | 
 13.8000 |  5.68 |  0.00 | 37.33 |      0.00 |      0.00 |     0.00 |     0.9556 |   7.13 |  38.94 | 
 14.0000 |  5.78 |  0.00 | 37.37 |      0.00 |      0.00 |     0.00 |     0.9562 |   7.01 |  39.56 | 
 14.2000 |  5.88 |  0.00 | 37.42 |      0.00 |      0.00 |     0.00 |     0.9568 |   6.89 |  40.18 | 
 14.4000 |  5.98 |  0.00 | 37.46 |      0.00 |      0.00 |     0.00 |     0.9574 |   6.77 |  40.80 | 
 14.6000 |  6.08 |  0.00 | 37.50 |      0.00 |      0.00 |     0.00 |     0.9580 |   6.66 |  41.41 | 
 14.8000 |  6.18 |  0.00 | 37.54 |      0.00 |      0.00 |     0.00 |     0.9585 |   6.56 |  42.02 | 
 15.0000 |  6.28 |  0.00 | 37.58 |      0.00 |      0.00 |     0.00 |     0.9591 |   6.46 |  42.62 | 
 15.2000 |  6.38 |  0.00 | 37.61 |      0.00 |      0.00 |     0.00 |     0.9596 |   6.36 |  43.22 | 
 15.4000 |  6.48 |  0.00 | 37.65 |      0.00 |      0.00 |     0.00 |     0.9601 |   6.27 |  43.81 | 
 15.6000 |  6.58 |  0.00 | 37.68 |      0.00 |      0.00 |     0.00 |     0.9606 |   6.18 |  44.40 | 
 15.8000 |  6.68 |  0.00 | 37.72 |      0.00 |      0.00 |     0.00 |     0.9610 |   6.09 |  44.98 | 
 16.0000 |  6.78 |  0.00 | 37.75 |      0.00 |      0.00 |     0.00 |     0.9615 |   6.01 |  45.56 | 
 16.2000 |  6.88 |  0.00 | 37.78 |      0.00 |      0.00 |     0.00 |     0.9619 |   5.92 |  46.13 | 
 16.4000 |  6.98 |  0.00 | 37.81 |      0.00 |      0.00 |     0.00 |     0.9623 |   5.85 |  46.70 | 
 16.6000 |  7.08 |  0.00 | 37.84 |      0.00 |      0.00 |     0.00 |     0.9627 |   5.77 |  47.26 | 
 16.8000 |  7.18 |  0.00 | 37.86 |      0.00 |      0.00 |     0.00 |     0.9631 |   5.70 |  47.82 | 
 17.0000 |  7.28 |  0.00 | 37.89 |      0.00 |      0.00 |     0.00 |     0.9635 |   5.63 |  48.38 | 
 17.2000 |  7.38 |  0.00 | 37.92 |      0.00 |      0.00 |     0.00 |     0.9639 |   5.56 |  48.93 | 
 17.4000 |  7.48 |  0.00 | 37.94 |      0.00 |      0.00 |     0.00 |     0.9643 |   5.49 |  49.47 | 
 17.6000 |  7.58 |  0.00 | 37.97 |      0.00 |      0.00 |     0.00 |     0.9646 |   5.42 |  50.01 | 
 17.8000 |  7.68 |  0.00 | 37.99 |      0.00 |      0.00 |     0.00 |     0.9649 |   5.36 |  50.55 | 
 18.0000 |  7.78 |  0.00 | 38.01 |      0.00 |      0.00 |     0.00 |     0.9653 |   5.30 |  51.08 | 
 18.2000 |  7.88 |  0.00 | 38.03 |      0.00 |      0.00 |     0.00 |     0.9656 |   5.24 |  51.61 | 
 18.4000 |  7.98 |  0.00 | 38.06 |      0.00 |      0.00 |     0.00 |     0.9659 |   5.18 |  52.14 | 
 18.6000 |  8.08 |  0.00 | 38.08 |      0.00 |      0.00 |     0.00 |     0.9662 |   5.13 |  52.66 | 
 18.8000 |  8.18 |  0.00 | 38.10 |      0.00 |      0.00 |     0.00 |     0.9665 |   5.07 |  53.18 | 
 19.0000 |  8.28 |  0.00 | 38.12 |      0.00 |      0.00 |     0.00 |     0.9668 |   5.02 |  53.69 | 
 19.2000 |  8.38 |  0.00 | 38.14 |      0.00 |      0.00 |     0.00 |     0.9671 |   4.97 |  54.20 | 
 19.4000 |  8.48 |  0.00 | 38.16 |      0.00 |      0.00 |     0.00 |     0.9674 |   4.92 |  54.71 | 
 19.6000 |  8.58 |  0.00 | 38.17 |      0.00 |      0.00 |     0.00 |     0.9676 |   4.87 |  55.21 | 
 19.8000 |  8.68 |  0.00 | 38.19 |      0.00 |      0.00 |     0.00 |     0.9679 |   4.82 |  55.71 | 
 20.0000 |  8.78 |  0.00 | 38.21 |      0.00 |      0.00 |     0.00 |     0.9682 |   4.78 |  56.20 | 
 20.2000 |  8.88 |  0.00 | 38.23 |      0.00 |      0.00 |     0.00 |     0.9684 |   4.73 |  56.70 | 
 20.4000 |  8.98 |  0.00 | 38.24 |      0.00 |      0.00 |     0.00 |     0.9687 |   4.69 |  57.18 | 
 20.6000 |  9.08 |  0.00 | 38.26 |      0.00 |      0.00 |     0.00 |     0.9689 |   4.64 |  57.67 | 
 20.8000 |  9.18 |  0.00 | 38.27 |      0.00 |      0.00 |     0.00 |     0.9691 |   4.60 |  58.15 | 
 21.0000 |  9.28 |  0.00 | 38.29 |      0.00 |      0.00 |     0.00 |     0.9694 |   4.56 |  58.63 | 
 21.2000 |  9.38 |  0.00 | 38.30 |      0.00 |      0.00 |     0.00 |     0.9696 |   4.52 |  59.10 | 
 21.4000 |  9.48 |  0.00 | 38.32 |      0.00 |      0.00 |     0.00 |     0.9698 |   4.48 |  59.57 | 
 21.6000 |  9.58 |  0.00 | 38.33 |      0.00 |      0.00 |     0.00 |     0.9700 |   4.44 |  60.04 | 
 21.8000 |  9.68 |  0.00 | 38.35 |      0.00 |      0.00 |     0.00 |     0.9702 |   4.41 |  60.51 | 
 22.0000 |  9.78 |  0.00 | 38.36 |      0.00 |      0.00 |     0.00 |     0.9704 |   4.37 |  60.97 | 
 22.2000 |  9.88 |  0.00 | 38.37 |      0.00 |      0.00 |     0.00 |     0.9706 |   4.33 |  61.43 | 
 22.4000 |  9.98 |  0.00 | 38.39 |      0.00 |      0.00 |     0.00 |     0.9708 |   4.30 |  61.89 | 
 22.6000 | 10.08 |  0.00 | 38.40 |      0.00 |      0.00 |     0.00 |     0.9710 |   4.27 |  62.34 | 
 22.8000 | 10.18 |  0.00 | 38.41 |      0.00 |      0.00 |     0.00 |     0.9712 |   4.23 |  62.79 | 
 23.0000 | 10.28 |  0.00 | 38.43 |      0.00 |      0.00 |     0.00 |     0.9714 |   4.20 |  63.24 | 
 23.2000 | 10.38 |  0.00 | 38.44 |      0.00 |      0.00 |     0.00 |     0.9716 |   4.17 |  63.68 | 
 23.4000 | 10.48 |  0.00 | 38.45 |      0.00 |      0.00 |     0.00 |     0.9718 |   4.14 |  64.13 | 
 23.6000 | 10.58 |  0.00 | 38.46 |      0.00 |      0.00 |     0.00 |     0.9719 |   4.11 |  64.56 | 
 23.8000 | 10.68 |  0.00 | 38.47 |      0.00 |      0.00 |     0.00 |     0.9721 |   4.08 |  65.00 | 
 24.0000 | 10.78 |  0.00 | 38.48 |      0.00 |      0.00 |     0.00 |     0.9723 |   4.05 |  65.44 | 
 24.2000 | 10.88 |  0.00 | 38.49 |      0.00 |      0.00 |     0.00 |     0.9724 |   4.02 |  65.87 | 
 24.4000 | 10.98 |  0.00 | 38.50 |      0.00 |      0.00 |     0.00 |     0.9726 |   3.99 |  66.30 | 
 24.6000 | 11.08 |  0.00 | 38.51 |      0.00 |      0.00 |     0.00 |     0.9728 |   3.96 |  66.72 | 
 24.8000 | 11.18 |  0.00 | 38.52 |      0.00 |      0.00 |     0.00 |     0.9729 |   3.93 |  67.14 | 
 25.0000 | 11.28 |  0.00 | 38.53 |      0.00 |      0.00 |     0.00 |     0.9731 |   3.91 |  67.57 | 
 25.2000 | 11.38 |  0.00 | 38.54 |      0.00 |      0.00 |     0.00 |     0.9732 |   3.88 |  67.98 | 
 25.4000 | 11.48 |  0.00 | 38.55 |      0.00 |      0.00 |     0.00 |     0.9734 |   3.86 |  68.40 | 
 25.6000 | 11.58 |  0.00 | 38.56 |      0.00 |      0.00 |     0.00 |     0.9735 |   3.83 |  68.81 | 
 25.8000 | 11.68 |  0.00 | 38.57 |      0.00 |      0.00 |     0.00 |     0.9737 |   3.81 |  69.23 | 
 26.0000 | 11.78 |  0.00 | 38.58 |      0.00 |      0.00 |     0.00 |     0.9738 |   3.78 |  69.63 | 
 26.2000 | 11.88 |  0.00 | 38.59 |      0.00 |      0.00 |     0.00 |     0.9739 |   3.76 |  70.04 | 
 26.4000 | 11.98 |  0.00 | 38.60 |      0.00 |      0.00 |     0.00 |     0.9741 |   3.73 |  70.45 | 
 26.6000 | 12.08 |  0.00 | 38.61 |      0.00 |      0.00 |     0.00 |     0.9742 |   3.71 |  70.85 | 
 26.8000 | 12.18 |  0.00 | 38.62 |      0.00 |      0.00 |     0.00 |     0.9743 |   3.69 |  71.25 | 
 27.0000 | 12.28 |  0.00 | 38.63 |      0.00 |      0.00 |     0.00 |     0.9745 |   3.67 |  71.65 | 
 27.2000 | 12.38 |  0.00 | 38.63 |      0.00 |      0.00 |     0.00 |     0.9746 |   3.64 |  72.04 | 
 27.4000 | 12.48 |  0.00 | 38.64 |      0.00 |      0.00 |     0.00 |     0.9747 |   3.62 |  72.44 | 
 27.6000 | 12.58 |  0.00 | 38.65 |      0.00 |      0.00 |     0.00 |     0.9748 |   3.60 |  72.83 | 
 27.8000 | 12.68 |  0.00 | 38.66 |      0.00 |      0.00 |     0.00 |     0.9750 |   3.58 |  73.22 | 
 28.0000 | 12.78 |  0.00 | 38.67 |      0.00 |      0.00 |     0.00 |     0.9751 |   3.56 |  73.60 | 
 28.2000 | 12.88 |  0.00 | 38.67 |      0.00 |      0.00 |     0.00 |     0.9752 |   3.54 |  73.99 | 
 28.4000 | 12.98 |  0.00 | 38.68 |      0.00 |      0.00 |     0.00 |     0.9753 |   3.52 |  74.37 | 
 28.6000 | 13.08 |  0.00 | 38.69 |      0.00 |      0.00 |     0.00 |     0.9754 |   3.50 |  74.75 | 
 28.8000 | 13.18 |  0.00 | 38.69 |      0.00 |      0.00 |     0.00 |     0.9755 |   3.48 |  75.13 | 
 29.0000 | 13.28 |  0.00 | 38.70 |      0.00 |      0.00 |     0.00 |     0.9757 |   3.46 |  75.51 | 
 29.2000 | 13.38 |  0.00 | 38.71 |      0.00 |      0.00 |     0.00 |     0.9758 |   3.44 |  75.88 | 
 29.4000 | 13.48 |  0.00 | 38.72 |      0.00 |      0.00 |     0.00 |     0.9759 |   3.42 |  76.26 | 
 29.6000 | 13.58 |  0.00 | 38.72 |      0.00 |      0.00 |     0.00 |     0.9760 |   3.41 |  76.63 | 
 29.8000 | 13.68 |  0.00 | 38.73 |      0.00 |      0.00 |     0.00 |     0.9761 |   3.39 |  77.00 | 
 30.0000 | 13.78 |  0.00 | 38.74 |      0.00 |      0.00 |     0.00 |     0.9762 |   3.37 |  77.36 | 
 30.2000 | 13.88 |  0.00 | 38.74 |      0.00 |      0.00 |     0.00 |     0.9763 |   3.35 |  77.73 | 
 30.4000 | 13.98 |  0.00 | 38.75 |      0.00 |      0.00 |     0.00 |     0.9764 |   3.34 |  78.09 | 
 30.6000 | 14.08 |  0.00 | 38.76 |      0.00 |      0.00 |     0.00 |     0.9765 |   3.32 |  78.46 | 
 30.8000 | 14.18 |  0.00 | 38.76 |      0.00 |      0.00 |     0.00 |     0.9766 |   3.30 |  78.82 | 
 31.0000 | 14.28 |  0.00 | 38.77 |      0.00 |      0.00 |     0.00 |     0.9767 |   3.29 |  79.18 | 
 31.2000 | 14.38 |  0.00 | 38.77 |      0.00 |      0.00 |     0.00 |     0.9768 |   3.27 |  79.53 | 
 31.4000 | 14.48 |  0.00 | 38.78 |      0.00 |      0.00 |     0.00 |     0.9769 |   3.25 |  79.89 | 
 31.6000 | 14.58 |  0.00 | 38.79 |      0.00 |      0.00 |     0.00 |     0.9770 |   3.24 |  80.24 | 
 31.8000 | 14.68 |  0.00 | 38.79 |      0.00 |      0.00 |     0.00 |     0.9771 |   3.22 |  80.59 | 
 32.0000 | 14.78 |  0.00 | 38.80 |      0.00 |      0.00 |     0.00 |     0.9771 |   3.21 |  80.94 | 
 32.2000 | 14.88 |  0.00 | 38.80 |      0.00 |      0.00 |     0.00 |     0.9772 |   3.19 |  81.29 | 
 32.4000 | 14.98 |  0.00 | 38.81 |      0.00 |      0.00 |     0.00 |     0.9773 |   3.18 |  81.64 | 
 32.6000 | 15.08 |  0.00 | 38.81 |      0.00 |      0.00 |     0.00 |     0.9774 |   3.16 |  81.98 | 
 32.8000 | 15.18 |  0.00 | 38.82 |      0.00 |      0.00 |     0.00 |     0.9775 |   3.15 |  82.33 | 
 33.0000 | 15.28 |  0.00 | 38.82 |      0.00 |      0.00 |     0.00 |     0.9776 |   3.14 |  82.67 | 
 33.2000 | 15.38 |  0.00 | 38.83 |      0.00 |      0.00 |     0.00 |     0.9777 |   3.12 |  83.01 | 
 33.4000 | 15.48 |  0.00 | 38.83 |      0.00 |      0.00 |     0.00 |     0.9777 |   3.11 |  83.35 | 
 33.6000 | 15.58 |  0.00 | 38.84 |      0.00 |      0.00 |     0.00 |     0.9778 |   3.09 |  83.68 | 
 33.8000 | 15.68 |  0.00 | 38.84 |      0.00 |      0.00 |     0.00 |     0.9779 |   3.08 |  84.02 | 
 34.0000 | 15.78 |  0.00 | 38.85 |      0.00 |      0.00 |     0.00 |     0.9780 |   3.07 |  84.35 | 
 34.2000 | 15.88 |  0.00 | 38.85 |      0.00 |      0.00 |     0.00 |     0.9781 |   3.05 |  84.69 | 
 34.4000 | 15.98 |  0.00 | 38.86 |      0.00 |      0.00 |     0.00 |     0.9781 |   3.04 |  85.02 | 
 34.6000 | 16.08 |  0.00 | 38.86 |      0.00 |      0.00 |     0.00 |     0.9782 |   3.03 |  85.35 | 
 34.8000 | 16.18 |  0.00 | 38.87 |      0.00 |      0.00 |     0.00 |     0.9783 |   3.02 |  85.68 | 
 35.0000 | 16.28 |  0.00 | 38.87 |      0.00 |      0.00 |     0.00 |     0.9784 |   3.00 |  86.00 | 
 35.2000 | 16.38 |  0.00 | 38.88 |      0.00 |      0.00 |     0.00 |     0.9784 |   2.99 |  86.33 | 
 35.4000 | 16.48 |  0.00 | 38.88 |      0.00 |      0.00 |     0.00 |     0.9785 |   2.98 |  86.65 | 
 35.6000 | 16.58 |  0.00 | 38.89 |      0.00 |      0.00 |     0.00 |     0.9786 |   2.97 |  86.97 | 
 35.8000 | 16.68 |  0.00 | 38.89 |      0.00 |      0.00 |     0.00 |     0.9787 |   2.95 |  87.29 | 
 36.0000 | 16.78 |  0.00 | 38.90 |      0.00 |      0.00 |     0.00 |     0.9787 |   2.94 |  87.61 | 
 36.2000 | 16.88 |  0.00 | 38.90 |      0.00 |      0.00 |     0.00 |     0.9788 |   2.93 |  87.93 | 
 36.4000 | 16.98 |  0.00 | 38.91 |      0.00 |      0.00 |     0.00 |     0.9789 |   2.92 |  88.25 | 
 36.6000 | 17.08 |  0.00 | 38.91 |      0.00 |      0.00 |     0.00 |     0.9789 |   2.91 |  88.56 | 
 36.8000 | 17.18 |  0.00 | 38.91 |      0.00 |      0.00 |     0.00 |     0.9790 |   2.90 |  88.88 | 
 37.0000 | 17.28 |  0.00 | 38.92 |      0.00 |      0.00 |     0.00 |     0.9791 |   2.89 |  89.19 | 
 37.2000 | 17.38 |  0.00 | 38.92 |      0.00 |      0.00 |     0.00 |     0.9791 |   2.88 |  89.50 | 
 37.4000 | 17.48 |  0.00 | 38.93 |      0.00 |      0.00 |     0.00 |     0.9792 |   2.86 |  89.81 | 
 37.6000 | 17.58 |  0.00 | 38.93 |      0.00 |      0.00 |     0.00 |     0.9793 |   2.85 |  90.12 | 
 37.8000 | 17.68 |  0.00 | 38.93 |      0.00 |      0.00 |     0.00 |     0.9793 |   2.84 |  90.43 | 
 38.0000 | 17.78 |  0.00 | 38.94 |      0.00 |      0.00 |     0.00 |     0.9794 |   2.83 |  90.74 | 
 38.2000 | 17.88 |  0.00 | 38.94 |      0.00 |      0.00 |     0.00 |     0.9795 |   2.82 |  91.04 | 
 38.4000 | 17.98 |  0.00 | 38.95 |      0.00 |      0.00 |     0.00 |     0.9795 |   2.81 |  91.35 | 
 38.6000 | 18.08 |  0.00 | 38.95 |      0.00 |      0.00 |     0.00 |     0.9796 |   2.80 |  91.65 | 
 38.8000 | 18.18 |  0.00 | 38.95 |      0.00 |      0.00 |     0.00 |     0.9796 |   2.79 |  91.95 | 
 39.0000 | 18.28 |  0.00 | 38.96 |      0.00 |      0.00 |     0.00 |     0.9797 |   2.78 |  92.25 | 
 39.2000 | 18.38 |  0.00 | 38.96 |      0.00 |      0.00 |     0.00 |     0.9798 |   2.77 |  92.55 | 
 39.4000 | 18.48 |  0.00 | 38.96 |      0.00 |      0.00 |     0.00 |     0.9798 |   2.76 |  92.85 | 
 39.6000 | 18.58 |  0.00 | 38.97 |      0.00 |      0.00 |     0.00 |     0.9799 |   2.75 |  93.14 | 
 39.8000 | 18.68 |  0.00 | 38.97 |      0.00 |      0.00 |     0.00 |     0.9799 |   2.74 |  93.44 | 
 40.0000 | 18.78 |  0.00 | 38.97 |      0.00 |      0.00 |     0.00 |     0.9800 |   2.73 |  93.73 | 
 40.2000 | 18.88 |  0.00 | 38.98 |      0.00 |      0.00 |     0.00 |     0.9800 |   2.72 |  94.03 | 
 40.4000 | 18.98 |  0.00 | 38.98 |      0.00 |      0.00 |     0.00 |     0.9801 |   2.72 |  94.32 | 
 40.6000 | 19.08 |  0.00 | 38.99 |      0.00 |      0.00 |     0.00 |     0.9802 |   2.71 |  94.61 | 
 40.8000 | 19.18 |  0.00 | 38.99 |      0.00 |      0.00 |     0.00 |     0.9802 |   2.70 |  94.90 | 
 41.0000 | 19.28 |  0.00 | 38.99 |      0.00 |      0.00 |     0.00 |     0.9803 |   2.69 |  95.19 | 
 41.2000 | 19.38 |  0.00 | 39.00 |      0.00 |      0.00 |     0.00 |     0.9803 |   2.68 |  95.48 | 
 41.4000 | 19.48 |  0.00 | 39.00 |      0.00 |      0.00 |     0.00 |     0.9804 |   2.67 |  95.76 | 
 41.6000 | 19.58 |  0.00 | 39.00 |      0.00 |      0.00 |     0.00 |     0.9804 |   2.66 |  96.05 | 
 41.8000 | 19.68 |  0.00 | 39.00 |      0.00 |      0.00 |     0.00 |     0.9805 |   2.65 |  96.33 | 
 42.0000 | 19.78 |  0.00 | 39.01 |      0.00 |      0.00 |     0.00 |     0.9805 |   2.65 |  96.61 | 
 42.2000 | 19.88 |  0.00 | 39.01 |      0.00 |      0.00 |     0.00 |     0.9806 |   2.64 |  96.90 | 
 42.4000 | 19.98 |  0.00 | 39.01 |      0.00 |      0.00 |     0.00 |     0.9806 |   2.63 |  97.18 | 
 42.6000 | 20.08 |  0.00 | 39.02 |      0.00 |      0.00 |     0.00 |     0.9807 |   2.62 |  97.46 | 
 42.8000 | 20.18 |  0.00 | 39.02 |      0.00 |      0.00 |     0.00 |     0.9807 |   2.61 |  97.74 | 
 43.0000 | 20.28 |  0.00 | 39.02 |      0.00 |      0.00 |     0.00 |     0.9808 |   2.60 |  98.01 | 
 43.2000 | 20.38 |  0.00 | 39.03 |      0.00 |      0.00 |     0.00 |     0.9808 |   2.60 |  98.29 | 
 43.4000 | 20.48 |  0.00 | 39.03 |      0.00 |      0.00 |     0.00 |     0.9809 |   2.59 |  98.57 | 
 43.6000 | 20.58 |  0.00 | 39.03 |      0.00 |      0.00 |     0.00 |     0.9809 |   2.58 |  98.84 | 
 43.8000 | 20.68 |  0.00 | 39.04 |      0.00 |      0.00 |     0.00 |     0.9810 |   2.57 |  99.12 | 
 44.0000 | 20.78 |  0.00 | 39.04 |      0.00 |      0.00 |     0.00 |     0.9810 |   2.56 |  99.39 | 
 44.2000 | 20.88 |  0.00 | 39.04 |      0.00 |      0.00 |     0.00 |     0.9811 |   2.56 |  99.66 | 
 44.4000 | 20.98 |  0.00 | 39.04 |      0.00 |      0.00 |     0.00 |     0.9811 |   2.55 |  99.93 | 
 44.6000 | 21.08 |  0.00 | 39.05 |      0.00 |      0.00 |     0.00 |     0.9812 |   2.54 | 100.20 | 
 44.8000 | 21.18 |  0.00 | 39.05 |      0.00 |      0.00 |     0.00 |     0.9812 |   2.53 | 100.47 | 
 45.0000 | 21.28 |  0.00 | 39.05 |      0.00 |      0.00 |     0.00 |     0.9813 |   2.53 | 100.74 | 
 45.2000 | 21.38 |  0.00 | 39.06 |      0.00 |      0.00 |     0.00 |     0.9813 |   2.52 | 101.00 | 
 45.4000 | 21.48 |  0.00 | 39.06 |      0.00 |      0.00 |     0.00 |     0.9814 |   2.51 | 101.27 | 
 45.6000 | 21.58 |  0.00 | 39.06 |      0.00 |      0.00 |     0.00 |     0.9814 |   2.51 | 101.53 | 
 45.8000 | 21.68 |  0.00 | 39.06 |      0.00 |      0.00 |     0.00 |     0.9814 |   2.50 | 101.80 | 
 46.0000 | 21.78 |  0.00 | 39.07 |      0.00 |      0.00 |     0.00 |     0.9815 |   2.49 | 102.06 | 
 46.2000 | 21.88 |  0.00 | 39.07 |      0.00 |      0.00 |     0.00 |     0.9815 |   2.48 | 102.32 | 
 46.4000 | 21.98 |  0.00 | 39.07 |      0.00 |      0.00 |     0.00 |     0.9816 |   2.48 | 102.58 | 
 46.6000 | 22.08 |  0.00 | 39.07 |      0.00 |      0.00 |     0.00 |     0.9816 |   2.47 | 102.85 | 
 46.8000 | 22.18 |  0.00 | 39.08 |      0.00 |      0.00 |     0.00 |     0.9817 |   2.46 | 103.10 | 
 47.0000 | 22.28 |  0.00 | 39.08 |      0.00 |      0.00 |     0.00 |     0.9817 |   2.46 | 103.36 | 
 47.2000 | 22.38 |  0.00 | 39.08 |      0.00 |      0.00 |     0.00 |     0.9817 |   2.45 | 103.62 | 
 47.4000 | 22.48 |  0.00 | 39.08 |      0.00 |      0.00 |     0.00 |     0.9818 |   2.44 | 103.88 | 
 47.6000 | 22.58 |  0.00 | 39.09 |      0.00 |      0.00 |     0.00 |     0.9818 |   2.44 | 104.13 | 
 47.8000 | 22.68 |  0.00 | 39.09 |      0.00 |      0.00 |     0.00 |     0.9819 |   2.43 | 104.39 | 
 48.0000 | 22.78 |  0.00 | 39.09 |      0.00 |      0.00 |     0.00 |     0.9819 |   2.42 | 104.64 | 
 48.2000 | 22.88 |  0.00 | 39.09 |      0.00 |      0.00 |     0.00 |     0.9819 |   2.42 | 104.90 | 
 48.4000 | 22.98 |  0.00 | 39.10 |      0.00 |      0.00 |     0.00 |     0.9820 |   2.41 | 105.15 | 
 48.6000 | 23.08 |  0.00 | 39.10 |      0.00 |      0.00 |     0.00 |     0.9820 |   2.41 | 105.40 | 
 48.8000 | 23.18 |  0.00 | 39.10 |      0.00 |      0.00 |     0.00 |     0.9821 |   2.40 | 105.65 | 
 49.0000 | 23.28 |  0.00 | 39.10 |      0.00 |      0.00 |     0.00 |     0.9821 |   2.39 | 105.90 | 
 49.2000 | 23.38 |  0.00 | 39.10 |      0.00 |      0.00 |     0.00 |     0.9821 |   2.39 | 106.15 | 
 49.4000 | 23.48 |  0.00 | 39.11 |      0.00 |      0.00 |     0.00 |     0.9822 |   2.38 | 106.40 | 
 49.6000 | 23.58 |  0.00 | 39.11 |      0.00 |      0.00 |     0.00 |     0.9822 |   2.37 | 106.64 | 
 49.8000 | 23.68 |  0.00 | 39.11 |      0.00 |      0.00 |     0.00 |     0.9822 |   2.37 | 106.89 | 
 50.0000 | 23.78 |  0.00 | 39.11 |      0.00 |      0.00 |     0.00 |     0.9823 |   2.36 | 107.14 | 
 50.2000 | 23.88 |  0.00 | 39.12 |      0.00 |      0.00 |     0.00 |     0.9823 |   2.36 | 107.38 | 
 50.4000 | 23.98 |  0.00 | 39.12 |      0.00 |      0.00 |     0.00 |     0.9824 |   2.35 | 107.62 | 
 50.6000 | 24.08 |  0.00 | 39.12 |      0.00 |      0.00 |     0.00 |     0.9824 |   2.35 | 107.87 | 
 50.8000 | 24.18 |  0.00 | 39.12 |      0.00 |      0.00 |     0.00 |     0.9824 |   2.34 | 108.11 | 
 51.0000 | 24.28 |  0.00 | 39.12 |      0.00 |      0.00 |     0.00 |     0.9825 |   2.33 | 108.35 | 
 51.2000 | 24.38 |  0.00 | 39.13 |      0.00 |      0.00 |     0.00 |     0.9825 |   2.33 | 108.59 | 
 51.4000 | 24.48 |  0.00 | 39.13 |      0.00 |      0.00 |     0.00 |     0.9825 |   2.32 | 108.83 | 
 51.6000 | 24.58 |  0.00 | 39.13 |      0.00 |      0.00 |     0.00 |     0.9826 |   2.32 | 109.07 | 
 51.8000 | 24.68 |  0.00 | 39.13 |      0.00 |      0.00 |     0.00 |     0.9826 |   2.31 | 109.31 | 
 52.0000 | 24.78 |  0.00 | 39.14 |      0.00 |      0.00 |     0.00 |     0.9826 |   2.31 | 109.55 | 
 52.2000 | 24.88 |  0.00 | 39.14 |      0.00 |      0.00 |     0.00 |     0.9827 |   2.30 | 109.78 | 
 52.4000 | 24.98 |  0.00 | 39.14 |      0.00 |      0.00 |     0.00 |     0.9827 |   2.30 | 110.02 | 
 52.6000 | 25.08 |  0.00 | 39.14 |      0.00 |      0.00 |     0.00 |     0.9827 |   2.29 | 110.26 | 
 52.8000 | 25.18 |  0.00 | 39.14 |      0.00 |      0.00 |     0.00 |     0.9828 |   2.28 | 110.49 | 
 53.0000 | 25.28 |  0.00 | 39.15 |      0.00 |      0.00 |     0.00 |     0.9828 |   2.28 | 110.73 | 
 53.2000 | 25.38 |  0.00 | 39.15 |      0.00 |      0.00 |     0.00 |     0.9828 |   2.27 | 110.96 | 
 53.4000 | 25.48 |  0.00 | 39.15 |      0.00 |      0.00 |     0.00 |     0.9829 |   2.27 | 111.19 | 
 53.6000 | 25.58 |  0.00 | 39.15 |      0.00 |      0.00 |     0.00 |     0.9829 |   2.26 | 111.42 | 
 53.8000 | 25.68 |  0.00 | 39.15 |      0.00 |      0.00 |     0.00 |     0.9829 |   2.26 | 111.65 | 
 54.0000 | 25.78 |  0.00 | 39.15 |      0.00 |      0.00 |     0.00 |     0.9830 |   2.25 | 111.88 | 
 54.2000 | 25.88 |  0.00 | 39.16 |      0.00 |      0.00 |     0.00 |     0.9830 |   2.25 | 112.11 | 
 54.4000 | 25.98 |  0.00 | 39.16 |      0.00 |      0.00 |     0.00 |     0.9830 |   2.24 | 112.34 | 
 54.6000 | 26.08 |  0.00 | 39.16 |      0.00 |      0.00 |     0.00 |     0.9831 |   2.24 | 112.57 | 
 54.8000 | 26.18 |  0.00 | 39.16 |      0.00 |      0.00 |     0.00 |     0.9831 |   2.23 | 112.80 | 
 55.0000 | 26.28 |  0.00 | 39.16 |      0.00 |      0.00 |     0.00 |     0.9831 |   2.23 | 113.02 | 
 55.2000 | 26.38 |  0.00 | 39.17 |      0.00 |      0.00 |     0.00 |     0.9832 |   2.22 | 113.25 | 
 55.4000 | 26.48 |  0.00 | 39.17 |      0.00 |      0.00 |     0.00 |     0.9832 |   2.22 | 113.48 | 
 55.6000 | 26.58 |  0.00 | 39.17 |      0.00 |      0.00 |     0.00 |     0.9832 |   2.21 | 113.70 | 
 55.8000 | 26.68 |  0.00 | 39.17 |      0.00 |      0.00 |     0.00 |     0.9832 |   2.21 | 113.92 | 
 56.0000 | 26.78 |  0.00 | 39.17 |      0.00 |      0.00 |     0.00 |     0.9833 |   2.21 | 114.15 | 
 56.2000 | 26.88 |  0.00 | 39.17 |      0.00 |      0.00 |     0.00 |     0.9833 |   2.20 | 114.37 | 
 56.4000 | 26.98 |  0.00 | 39.18 |      0.00 |      0.00 |     0.00 |     0.9833 |   2.20 | 114.59 | 
 56.6000 | 27.08 |  0.00 | 39.18 |      0.00 |      0.00 |     0.00 |     0.9834 |   2.19 | 114.81 | 
 56.8000 | 27.18 |  0.00 | 39.18 |      0.00 |      0.00 |     0.00 |     0.9834 |   2.19 | 115.03 | 
 57.0000 | 27.28 |  0.00 | 39.18 |      0.00 |      0.00 |     0.00 |     0.9834 |   2.18 | 115.25 | 
 57.2000 | 27.38 |  0.00 | 39.18 |      0.00 |      0.00 |     0.00 |     0.9834 |   2.18 | 115.47 | 
 57.4000 | 27.48 |  0.00 | 39.19 |      0.00 |      0.00 |     0.00 |     0.9835 |   2.17 | 115.69 | 
 57.6000 | 27.58 |  0.00 | 39.19 |      0.00 |      0.00 |     0.00 |     0.9835 |   2.17 | 115.91 | 
 57.8000 | 27.68 |  0.00 | 39.19 |      0.00 |      0.00 |     0.00 |     0.9835 |   2.16 | 116.13 | 
 58.0000 | 27.78 |  0.00 | 39.19 |      0.00 |      0.00 |     0.00 |     0.9836 |   2.16 | 116.34 | 
 58.2000 | 27.88 |  0.00 | 39.19 |      0.00 |      0.00 |     0.00 |     0.9836 |   2.16 | 116.56 | 
 58.4000 | 27.98 |  0.00 | 39.19 |      0.00 |      0.00 |     0.00 |     0.9836 |   2.15 | 116.78 | 
 58.6000 | 28.08 |  0.00 | 39.20 |      0.00 |      0.00 |     0.00 |     0.9836 |   2.15 | 116.99 | 
 58.8000 | 28.18 |  0.00 | 39.20 |      0.00 |      0.00 |     0.00 |     0.9837 |   2.14 | 117.21 | 
 59.0000 | 28.28 |  0.00 | 39.20 |      0.00 |      0.00 |     0.00 |     0.9837 |   2.14 | 117.42 | 
 59.2000 | 28.38 |  0.00 | 39.20 |      0.00 |      0.00 |     0.00 |     0.9837 |   2.13 | 117.63 | 
 59.4000 | 28.48 |  0.00 | 39.20 |      0.00 |      0.00 |     0.00 |     0.9837 |   2.13 | 117.84 | 
 59.6000 | 28.58 |  0.00 | 39.20 |      0.00 |      0.00 |     0.00 |     0.9838 |   2.13 | 118.06 | 
 59.8000 | 28.68 |  0.00 | 39.20 |      0.00 |      0.00 |     0.00 |     0.9838 |   2.12 | 118.27 | 
 60.0000 | 28.78 |  0.00 | 39.21 |      0.00 |      0.00 |     0.00 |     0.9838 |   2.12 | 118.48 | 
 60.2000 | 28.88 |  0.00 | 39.21 |      0.00 |      0.00 |     0.00 |     0.9839 |   2.11 | 118.69 | 
 60.4000 | 28.98 |  0.00 | 39.21 |      0.00 |      0.00 |     0.00 |     0.9839 |   2.11 | 118.90 | 
 60.6000 | 29.08 |  0.00 | 39.21 |      0.00 |      0.00 |     0.00 |     0.9839 |   2.11 | 119.11 | 
 60.8000 | 29.18 |  0.00 | 39.21 |      0.00 |      0.00 |     0.00 |     0.9839 |   2.10 | 119.31 | 
 61.0000 | 29.28 |  0.00 | 39.21 |      0.00 |      0.00 |     0.00 |     0.9840 |   2.10 | 119.52 | 
 61.2000 | 29.38 |  0.00 | 39.22 |      0.00 |      0.00 |     0.00 |     0.9840 |   2.09 | 119.73 | 
 61.4000 | 29.48 |  0.00 | 39.22 |      0.00 |      0.00 |     0.00 |     0.9840 |   2.09 | 119.93 | 
 61.6000 | 29.58 |  0.00 | 39.22 |      0.00 |      0.00 |     0.00 |     0.9840 |   2.09 | 120.14 | 
 61.8000 | 29.68 |  0.00 | 39.22 |      0.00 |      0.00 |     0.00 |     0.9841 |   2.08 | 120.35 | 
 62.0000 | 29.78 |  0.00 | 39.22 |      0.00 |      0.00 |     0.00 |     0.9841 |   2.08 | 120.55 | 
 62.2000 | 29.88 |  0.00 | 39.22 |      0.00 |      0.00 |     0.00 |     0.9841 |   2.07 | 120.75 | 
 62.4000 | 29.98 |  0.00 | 39.22 |      0.00 |      0.00 |     0.00 |     0.9841 |   2.07 | 120.96 | 
 62.6000 | 30.08 |  0.00 | 39.23 |      0.00 |      0.00 |     0.00 |     0.9842 |   2.07 | 121.16 | 
 62.8000 | 30.18 |  0.00 | 39.23 |      0.00 |      0.00 |     0.00 |     0.9842 |   2.06 | 121.36 | 
 63.0000 | 30.28 |  0.00 | 39.23 |      0.00 |      0.00 |     0.00 |     0.9842 |   2.06 | 121.56 | 
 63.2000 | 30.38 |  0.00 | 39.23 |      0.00 |      0.00 |     0.00 |     0.9842 |   2.05 | 121.77 | 
 63.4000 | 30.48 |  0.00 | 39.23 |      0.00 |      0.00 |     0.00 |     0.9842 |   2.05 | 121.97 | 
 63.6000 | 30.58 |  0.00 | 39.23 |      0.00 |      0.00 |     0.00 |     0.9843 |   2.05 | 122.17 | 
 63.8000 | 30.68 |  0.00 | 39.23 |      0.00 |      0.00 |     0.00 |     0.9843 |   2.04 | 122.37 | 
 64.0000 | 30.78 |  0.00 | 39.23 |      0.00 |      0.00 |     0.00 |     0.9843 |   2.04 | 122.57 | 
 64.2000 | 30.88 |  0.00 | 39.24 |      0.00 |      0.00 |     0.00 |     0.9843 |   2.04 | 122.76 | 
 64.4000 | 30.98 |  0.00 | 39.24 |      0.00 |      0.00 |     0.00 |     0.9844 |   2.03 | 122.96 | 
 64.6000 | 31.08 |  0.00 | 39.24 |      0.00 |      0.00 |     0.00 |     0.9844 |   2.03 | 123.16 | 
 64.8000 | 31.18 |  0.00 | 39.24 |      0.00 |      0.00 |     0.00 |     0.9844 |   2.03 | 123.36 | 
 65.0000 | 31.28 |  0.00 | 39.24 |      0.00 |      0.00 |     0.00 |     0.9844 |   2.02 | 123.55 | 
 65.2000 | 31.38 |  0.00 | 39.24 |      0.00 |      0.00 |     0.00 |     0.9845 |   2.02 | 123.75 | 
 65.4000 | 31.48 |  0.00 | 39.24 |      0.00 |      0.00 |     0.00 |     0.9845 |   2.02 | 123.94 | 
 65.6000 | 31.58 |  0.00 | 39.25 |      0.00 |      0.00 |     0.00 |     0.9845 |   2.01 | 124.14 | 
 65.8000 | 31.68 |  0.00 | 39.25 |      0.00 |      0.00 |     0.00 |     0.9845 |   2.01 | 124.33 | 
 66.0000 | 31.78 |  0.00 | 39.25 |      0.00 |      0.00 |     0.00 |     0.9845 |   2.01 | 124.53 | 
 66.2000 | 31.88 |  0.00 | 39.25 |      0.00 |      0.00 |     0.00 |     0.9846 |   2.00 | 124.72 | 
 66.4000 | 31.98 |  0.00 | 39.25 |      0.00 |      0.00 |     0.00 |     0.9846 |   2.00 | 124.91 | 
 66.6000 | 32.08 |  0.00 | 39.25 |      0.00 |      0.00 |     0.00 |     0.9846 |   2.00 | 125.10 | 
 66.8000 | 32.18 |  0.00 | 39.25 |      0.00 |      0.00 |     0.00 |     0.9846 |   1.99 | 125.30 | 
 67.0000 | 32.28 |  0.00 | 39.25 |      0.00 |      0.00 |     0.00 |     0.9847 |   1.99 | 125.49 | 
 67.2000 | 32.38 |  0.00 | 39.26 |      0.00 |      0.00 |     0.00 |     0.9847 |   1.99 | 125.68 | 
 67.4000 | 32.48 |  0.00 | 39.26 |      0.00 |      0.00 |     0.00 |     0.9847 |   1.98 | 125.87 | 
 67.6000 | 32.58 |  0.00 | 39.26 |      0.00 |      0.00 |     0.00 |     0.9847 |   1.98 | 126.06 | 
 67.8000 | 32.68 |  0.00 | 39.26 |      0.00 |      0.00 |     0.00 |     0.9847 |   1.98 | 126.25 | 
 68.0000 | 32.78 |  0.00 | 39.26 |      0.00 |      0.00 |     0.00 |     0.9848 |   1.97 | 126.44 | 
 68.2000 | 32.88 |  0.00 | 39.26 |      0.00 |      0.00 |     0.00 |     0.9848 |   1.97 | 126.62 | 
 68.4000 | 32.98 |  0.00 | 39.26 |      0.00 |      0.00 |     0.00 |     0.9848 |   1.97 | 126.81 | 
 68.6000 | 33.08 |  0.00 | 39.26 |      0.00 |      0.00 |     0.00 |     0.9848 |   1.96 | 127.00 | 
 68.8000 | 33.18 |  0.00 | 39.27 |      0.00 |      0.00 |     0.00 |     0.9848 |   1.96 | 127.19 | 
 69.0000 | 33.28 |  0.00 | 39.27 |      0.00 |      0.00 |     0.00 |     0.9849 |   1.96 | 127.37 | 
 69.2000 | 33.38 |  0.00 | 39.27 |      0.00 |      0.00 |     0.00 |     0.9849 |   1.95 | 127.56 | 
 69.4000 | 33.48 |  0.00 | 39.27 |      0.00 |      0.00 |     0.00 |     0.9849 |   1.95 | 127.74 | 
 69.6000 | 33.58 |  0.00 | 39.27 |      0.00 |      0.00 |     0.00 |     0.9849 |   1.95 | 127.93 | 
 69.8000 | 33.68 |  0.00 | 39.27 |      0.00 |      0.00 |     0.00 |     0.9849 |   1.94 | 128.11 | 
 70.0000 | 33.78 |  0.00 | 39.27 |      0.00 |      0.00 |     0.00 |     0.9850 |   1.94 | 128.30 | 
 70.2000 | 33.88 |  0.00 | 39.27 |      0.00 |      0.00 |     0.00 |     0.9850 |   1.94 | 128.48 | 
 70.4000 | 33.98 |  0.00 | 39.27 |      0.00 |      0.00 |     0.00 |     0.9850 |   1.94 | 128.66 | 
 70.6000 | 34.08 |  0.00 | 39.28 |      0.00 |      0.00 |     0.00 |     0.9850 |   1.93 | 128.85 | 
 70.8000 | 34.18 |  0.00 | 39.28 |      0.00 |      0.00 |     0.00 |     0.9850 |   1.93 | 129.03 | 
 71.0000 | 34.28 |  0.00 | 39.28 |      0.00 |      0.00 |     0.00 |     0.9851 |   1.93 | 129.21 | 
 71.2000 | 34.38 |  0.00 | 39.28 |      0.00 |      0.00 |     0.00 |     0.9851 |   1.92 | 129.39 | 
 71.4000 | 34.48 |  0.00 | 39.28 |      0.00 |      0.00 |     0.00 |     0.9851 |   1.92 | 129.57 | 
 71.6000 | 34.58 |  0.00 | 39.28 |      0.00 |      0.00 |     0.00 |     0.9851 |   1.92 | 129.75 | 
 71.8000 | 34.68 |  0.00 | 39.28 |      0.00 |      0.00 |     0.00 |     0.9851 |   1.91 | 129.93 | 
 72.0000 | 34.78 |  0.00 | 39.28 |      0.00 |      0.00 |     0.00 |     0.9851 |   1.91 | 130.11 | 
 72.2000 | 34.88 |  0.00 | 39.28 |      0.00 |      0.00 |     0.00 |     0.9852 |   1.91 | 130.29 | 
 72.4000 | 34.98 |  0.00 | 39.29 |      0.00 |      0.00 |     0.00 |     0.9852 |   1.91 | 130.47 | 
 72.6000 | 35.08 |  0.00 | 39.29 |      0.00 |      0.00 |     0.00 |     0.9852 |   1.90 | 130.65 | 
 72.8000 | 35.18 |  0.00 | 39.29 |      0.00 |      0.00 |     0.00 |     0.9852 |   1.90 | 130.82 | 
 73.0000 | 35.28 |  0.00 | 39.29 |      0.00 |      0.00 |     0.00 |     0.9852 |   1.90 | 131.00 | 
 73.2000 | 35.38 |  0.00 | 39.29 |      0.00 |      0.00 |     0.00 |     0.9853 |   1.89 | 131.18 | 
 73.4000 | 35.48 |  0.00 | 39.29 |      0.00 |      0.00 |     0.00 |     0.9853 |   1.89 | 131.35 | 
 73.6000 | 35.58 |  0.00 | 39.29 |      0.00 |      0.00 |     0.00 |     0.9853 |   1.89 | 131.53 | 
 73.8000 | 35.68 |  0.00 | 39.29 |      0.00 |      0.00 |     0.00 |     0.9853 |   1.89 | 131.70 | 
 74.0000 | 35.78 |  0.00 | 39.29 |      0.00 |      0.00 |     0.00 |     0.9853 |   1.88 | 131.88 | 
 74.2000 | 35.88 |  0.00 | 39.29 |      0.00 |      0.00 |     0.00 |     0.9853 |   1.88 | 132.05 | 
 74.4000 | 35.98 |  0.00 | 39.30 |      0.00 |      0.00 |     0.00 |     0.9854 |   1.88 | 132.23 | 
 74.6000 | 36.08 |  0.00 | 39.30 |      0.00 |      0.00 |     0.00 |     0.9854 |   1.88 | 132.40 | 
 74.8000 | 36.18 |  0.00 | 39.30 |      0.00 |      0.00 |     0.00 |     0.9854 |   1.87 | 132.57 | 
 75.0000 | 36.28 |  0.00 | 39.30 |      0.00 |      0.00 |     0.00 |     0.9854 |   1.87 | 132.75 | 
 75.2000 | 36.38 |  0.00 | 39.30 |      0.00 |      0.00 |     0.00 |     0.9854 |   1.87 | 132.92 | 
 75.4000 | 36.48 |  0.00 | 39.30 |      0.00 |      0.00 |     0.00 |     0.9855 |   1.86 | 133.09 | 
 75.6000 | 36.58 |  0.00 | 39.30 |      0.00 |      0.00 |     0.00 |     0.9855 |   1.86 | 133.26 | 
 75.8000 | 36.68 |  0.00 | 39.30 |      0.00 |      0.00 |     0.00 |     0.9855 |   1.86 | 133.44 | 
 76.0000 | 36.78 |  0.00 | 39.30 |      0.00 |      0.00 |     0.00 |     0.9855 |   1.86 | 133.61 | 
 76.2000 | 36.88 |  0.00 | 39.30 |      0.00 |      0.00 |     0.00 |     0.9855 |   1.85 | 133.78 | 
 76.4000 | 36.98 |  0.00 | 39.31 |      0.00 |      0.00 |     0.00 |     0.9855 |   1.85 | 133.95 | 
 76.6000 | 37.08 |  0.00 | 39.31 |      0.00 |      0.00 |     0.00 |     0.9856 |   1.85 | 134.12 | 
 76.8000 | 37.18 |  0.00 | 39.31 |      0.00 |      0.00 |     0.00 |     0.9856 |   1.85 | 134.29 | 
 77.0000 | 37.28 |  0.00 | 39.31 |      0.00 |      0.00 |     0.00 |     0.9856 |   1.84 | 134.45 | 
 77.2000 | 37.38 |  0.00 | 39.31 |      0.00 |      0.00 |     0.00 |     0.9856 |   1.84 | 134.62 | 
 77.4000 | 37.48 |  0.00 | 39.31 |      0.00 |      0.00 |     0.00 |     0.9856 |   1.84 | 134.79 | 
 77.6000 | 37.58 |  0.00 | 39.31 |      0.00 |      0.00 |     0.00 |     0.9856 |   1.84 | 134.96 | 
 77.8000 | 37.68 |  0.00 | 39.31 |      0.00 |      0.00 |     0.00 |     0.9856 |   1.83 | 135.13 | 
 78.0000 | 37.78 |  0.00 | 39.31 |      0.00 |      0.00 |     0.00 |     0.9857 |   1.83 | 135.29 | 
 78.2000 | 37.88 |  0.00 | 39.31 |      0.00 |      0.00 |     0.00 |     0.9857 |   1.83 | 135.46 | 
 78.4000 | 37.98 |  0.00 | 39.31 |      0.00 |      0.00 |     0.00 |     0.9857 |   1.83 | 135.62 | 
 78.6000 | 38.08 |  0.00 | 39.32 |      0.00 |      0.00 |     0.00 |     0.9857 |   1.82 | 135.79 | 
 78.8000 | 38.18 |  0.00 | 39.32 |      0.00 |      0.00 |     0.00 |     0.9857 |   1.82 | 135.96 | 
 79.0000 | 38.28 |  0.00 | 39.32 |      0.00 |      0.00 |     0.00 |     0.9857 |   1.82 | 136.12 | 
 79.2000 | 38.38 |  0.00 | 39.32 |      0.00 |      0.00 |     0.00 |     0.9858 |   1.82 | 136.28 | 
 79.4000 | 38.48 |  0.00 | 39.32 |      0.00 |      0.00 |     0.00 |     0.9858 |   1.81 | 136.45 | 
 79.6000 | 38.58 |  0.00 | 39.32 |      0.00 |      0.00 |     0.00 |     0.9858 |   1.81 | 136.61 | 
 79.8000 | 38.68 |  0.00 | 39.32 |      0.00 |      0.00 |     0.00 |     0.9858 |   1.81 | 136.78 | 
 80.0000 | 38.78 |  0.00 | 39.32 |      0.00 |      0.00 |     0.00 |     0.9858 |   1.81 | 136.94 | 
 80.2000 | 38.88 |  0.00 | 39.32 |      0.00 |      0.00 |     0.00 |     0.9858 |   1.81 | 137.10 | 
 80.4000 | 38.98 |  0.00 | 39.32 |      0.00 |      0.00 |     0.00 |     0.9859 |   1.80 | 137.26 | 
 80.6000 | 39.08 |  0.00 | 39.32 |      0.00 |      0.00 |     0.00 |     0.9859 |   1.80 | 137.43 | 
 80.8000 | 39.18 |  0.00 | 39.33 |      0.00 |      0.00 |     0.00 |     0.9859 |   1.80 | 137.59 | 
 81.0000 | 39.28 |  0.00 | 39.33 |      0.00 |      0.00 |     0.00 |     0.9859 |   1.80 | 137.75 | 
 81.2000 | 39.38 |  0.00 | 39.33 |      0.00 |      0.00 |     0.00 |     0.9859 |   1.79 | 137.91 | 
 81.4000 | 39.48 |  0.00 | 39.33 |      0.00 |      0.00 |     0.00 |     0.9859 |   1.79 | 138.07 | 
 81.6000 | 39.58 |  0.00 | 39.33 |      0.00 |      0.00 |     0.00 |     0.9859 |   1.79 | 138.23 | 
 81.8000 | 39.68 |  0.00 | 39.33 |      0.00 |      0.00 |     0.00 |     0.9860 |   1.79 | 138.39 | 
 82.0000 | 39.78 |  0.00 | 39.33 |      0.00 |      0.00 |     0.00 |     0.9860 |   1.78 | 138.55 | 
 82.2000 | 39.88 |  0.00 | 39.33 |      0.00 |      0.00 |     0.00 |     0.9860 |   1.78 | 138.71 | 
 82.4000 | 39.98 |  0.00 | 39.33 |      0.00 |      0.00 |     0.00 |     0.9860 |   1.78 | 138.87 | 
 82.6000 | 40.08 |  0.00 | 39.33 |      0.00 |      0.00 |     0.00 |     0.9860 |   1.78 | 139.03 | 
 -------------------------------------------------------------------------------------------------------------------------------------------------------------------- 
 End of Phase 2 after 82.63 seconds 
 -------------------------------------------------------------------------------------------------------------------------------------------------------------------- 
